PHASH (./2008a-deprecation-test-100.png) = 0.727887,11,3.82692,11,5.07459,11,5.26249,11,10.8488,11,7.21698,11,10.4653,11,0.727887,11,3.82692,11,5.07459,11,5.26249,11,10.8488,11,7.21698,11,10.4653,11,0.727887,0.727887,3.82692,3.82692,5.07459,5.07459,5.26249,5.26249,10.8488,10.8488,7.21698,7.21698,10.4653,10.4653,
PHASH (./2008a-deprecation-test-200.png) = 0.731092,11,3.79889,11,5.09984,11,5.2511,11,10.8567,11,7.18825,11,10.4588,11,0.731092,11,3.79889,11,5.09984,11,5.2511,11,10.8567,11,7.18825,11,10.4588,11,0.731092,0.731092,3.79889,3.79889,5.09984,5.09984,5.2511,5.2511,10.8567,10.8567,7.18825,7.18825,10.4588,10.4588,
PHASH (./Hs_Apoptosis-100.png) = 0.717667,-1.2025,2.15632,-1.8033,5.84335,-3.26699,6.19449,-1.99787,11,-4.5905,7.28007,-2.7472,11,-4.24221,0.713997,-1.10272,2.14848,-1.61933,5.82448,-2.71756,6.18367,-2.40762,11,-4.7332,7.25872,-3.20688,11,-4.88138,0.714439,0.715146,2.1493,2.15092,5.84537,5.83274,6.22413,6.19286,11,11,7.29961,7.26836,11,11,
PHASH (./Hs_Cell_cycle_KEGG-100.png) = 0.748014,-0.737537,3.03774,-0.621532,5.76643,-2.05063,6.69121,-1.25107,11,-2.77397,9.24409,-0.782749,11,-2.72621,0.748014,-1.24601,3.03774,-1.64255,5.76643,-3.5656,6.69121,-2.74682,11,-5.80731,9.24409,-2.32751,11,-5.67906,0.748475,0.748067,3.03861,3.03784,5.81635,5.77215,6.73028,6.69661,11,11,8.90716,9.45174,11,11,
PHASH (./Hs_DNA_replication_Reactome-100.png) = 0.714334,11,2.0837,11,6.26398,11,6.70873,11,11,11,7.84439,11,11,11,0.714167,-1.49474,2.08451,-2.81577,6.18148,-0.921214,6.53429,-0.587131,11,-1.33626,7.64571,-1.9225,11,-0.521586,0.714167,0.714216,2.08451,2.08427,6.18148,6.20564,6.53429,6.58298,11,11,7.64571,7.7002,11,11,
PHASH (./Hs_G13_Signaling_Pathway-100.png) = 0.747108,11,2.7056,11,5.69308,11,6.89576,11,11,11,8.60804,11,11,11,0.747108,11,2.7056,11,5.69308,11,6.89576,11,11,11,8.60804,11,11,11,0.747108,0.747108,2.7056,2.7056,5.69308,5.69308,6.89576,6.89576,11,11,8.60804,8.60804,11,11,
PHASH (./Hs_G13_Signaling_Pathway-200.png) = 0.747285,11,2.70551,11,5.67437,11,6.8696,11,11,11,8.54209,11,11,11,0.747285,11,2.70551,11,5.67437,11,6.8696,11,11,11,8.54209,11,11,11,0.747285,0.747285,2.70551,2.70551,5.67437,5.67437,6.8696,6.8696,11,11,8.54209,8.54209,11,11,
PHASH (./Label_test-100.png) = 0.756951,11,3.40699,11,6.06283,11,6.81287,11,11,11,8.80465,11,11,11,0.756951,11,3.40699,11,6.06283,11,6.81287,11,11,11,8.80465,11,11,11,0.756951,0.756951,3.40699,3.40699,6.06283,6.06283,6.81287,6.81287,11,11,8.80465,8.80465,11,11,
PHASH (./Label_test-200.png) = 0.756893,11,3.4066,11,6.0605,11,6.81133,11,11,11,8.82964,11,11,11,0.756893,11,3.4066,11,6.0605,11,6.81133,11,11,11,8.82964,11,11,11,0.756893,0.756893,3.4066,3.4066,6.0605,6.0605,6.81133,6.81133,11,11,8.82964,8.82964,11,11,
PHASH (./Shape_test-100.png) = 0.734518,11,2.30441,11,6.26624,11,7.41647,11,11,11,8.72713,11,11,11,0.734518,11,2.30441,11,6.26624,11,7.41647,11,11,11,8.72713,11,11,11,0.734518,0.734518,2.30441,2.30441,6.26624,6.26624,7.41647,7.41647,11,11,8.72713,8.72713,11,11,
PHASH (./Shape_test-200.png) = 0.734513,11,2.30441,11,6.25834,11,7.41749,11,11,11,8.73355,11,11,11,0.734513,11,2.30441,11,6.25834,11,7.41749,11,11,11,8.73355,11,11,11,0.734513,0.734513,2.30441,2.30441,6.25834,6.25834,7.41749,7.41749,11,11,8.73355,8.73355,11,11,
PHASH (./WP248_2008a-100.png) = 0.715625,-0.803813,2.15519,-1.25981,5.75403,-1.92829,6.02489,-1.60179,11,-3.36593,7.10817,-2.22897,11,-2.17288,0.711803,-1.09094,2.14694,-1.65623,5.75046,-1.9638,6.02578,-1.67058,11,-2.23802,7.09997,-2.23713,11,-3.48708,0.711427,0.712904,2.14739,2.14947,5.73142,5.74961,6.01699,6.0256,11,11,7.09107,7.10036,11,11,
PHASH (./biopax-literaturexref-testcase-100.png) = 0.299145,11,0.649158,11,5.19053,11,5.23579,11,10.4489,11,5.56639,11,11,11,0.299145,11,0.649158,11,5.19053,11,5.23579,11,10.4489,11,5.56639,11,11,11,0.299145,0.299145,0.649158,0.649158,5.19053,5.19053,5.23579,5.23579,10.4489,10.4489,5.56639,5.56639,11,11,
PHASH (./biopax-literaturexref-testcase-200.png) = 0.299268,11,0.649426,11,5.24594,11,5.2959,11,10.5668,11,5.62796,11,11,11,0.299268,11,0.649426,11,5.24594,11,5.2959,11,10.5668,11,5.62796,11,11,11,0.299268,0.299268,0.649426,0.649426,5.24594,5.24594,5.2959,5.2959,10.5668,10.5668,5.62796,5.62796,11,11,
PHASH (./biopax-opencontrolledvocabulary-testcase-100.png) = 0.299145,11,0.649158,11,5.19053,11,5.23579,11,10.4489,11,5.56639,11,11,11,0.299145,11,0.649158,11,5.19053,11,5.23579,11,10.4489,11,5.56639,11,11,11,0.299145,0.299145,0.649158,0.649158,5.19053,5.19053,5.23579,5.23579,10.4489,10.4489,5.56639,5.56639,11,11,
PHASH (./biopax-opencontrolledvocabulary-testcase-200.png) = 0.299268,11,0.649426,11,5.24594,11,5.2959,11,10.5668,11,5.62796,11,11,11,0.299268,11,0.649426,11,5.24594,11,5.2959,11,10.5668,11,5.62796,11,11,11,0.299268,0.299268,0.649426,0.649426,5.24594,5.24594,5.2959,5.2959,10.5668,10.5668,5.62796,5.62796,11,11,
PHASH (./deprecated-shapes-100.png) = 0.565824,11,1.36918,11,5.90641,11,5.63665,11,11,11,6.40379,11,11,11,0.565824,11,1.36918,11,5.90641,11,5.63665,11,11,11,6.40379,11,11,11,0.565824,0.565824,1.36918,1.36918,5.90641,5.90641,5.63665,5.63665,11,11,6.40379,6.40379,11,11,
PHASH (./deprecated-shapes-200.png) = 0.565795,11,1.36901,11,5.92267,11,5.63645,11,11,11,6.40272,11,11,11,0.565795,11,1.36901,11,5.92267,11,5.63645,11,11,11,6.40272,11,11,11,0.565795,0.565795,1.36901,1.36901,5.92267,5.92267,5.63645,5.63645,11,11,6.40272,6.40272,11,11,
PHASH (./fillcolor_test-100.png) = 0.716196,11,2.05248,11,6.18719,11,7.54669,11,11,11,8.59934,11,11,11,0.70931,-0.213832,2.03125,-0.382842,5.96434,-0.271108,6.06196,-0.246458,11,-0.50524,8.14867,-0.43708,11,2.08885,0.70931,0.711372,2.03125,2.03764,5.96434,6.11809,6.06196,6.32138,11,11,8.14867,8.12638,11,11,
PHASH (./fillcolor_test-200.png) = 0.716295,11,2.05274,11,6.17495,11,7.55569,11,11,11,8.60107,11,11,11,0.709443,-0.219048,2.03163,-0.395385,5.96804,-0.24227,6.06518,-0.219709,11,-0.450697,8.18395,-0.416523,11,2.19272,0.709443,0.711494,2.03163,2.03798,5.96804,6.11812,6.06518,6.3259,11,11,8.18395,8.13878,11,11,
PHASH (./mim-test-100.png) = 0.760767,-0.437166,2.85341,-0.430167,6.54013,-0.617827,7.42493,0.525282,11,0.874838,8.85193,0.636561,11,0.517275,0.759114,-0.327344,2.85217,-0.0344101,6.28697,-0.28891,9.16565,-0.979306,11,-1.51832,10.6445,-0.992999,11,-1.3883,0.746574,0.758169,2.88234,2.85574,6.16095,6.39633,5.27554,7.02642,10.9996,11,6.81613,8.53059,11,11,
PHASH (./mim-test-200.png) = 0.761015,-0.590513,2.85423,-0.788418,6.53598,-0.776673,7.39763,0.562962,11,0.483345,8.82483,0.51264,11,0.920363,0.759352,-0.325923,2.85301,-0.0326598,6.28362,-0.304696,9.12097,-0.980158,11,-1.53247,10.5506,-0.99316,11,-1.38811,0.746656,0.758392,2.88293,2.85655,6.15851,6.39254,5.26952,7.00834,10.9902,11,6.81214,8.51472,11,11,
PHASH (./mpoint-test-100.png) = 0.764044,11,5.58745,11,6.09896,11,6.93873,11,11,11,9.97202,11,11,11,0.764044,11,5.58745,11,6.09896,11,6.93873,11,11,11,9.97202,11,11,11,0.764044,0.764044,5.58745,5.58745,6.09896,6.09896,6.93873,6.93873,11,11,9.97202,9.97202,11,11,
PHASH (./mpoint-test-200.png) = 0.763978,11,5.58251,11,6.08799,11,6.91376,11,11,11,9.92395,11,11,11,0.763978,11,5.58251,11,6.08799,11,6.91376,11,11,11,9.92395,11,11,11,0.763978,0.763978,5.58251,5.58251,6.08799,6.08799,6.91376,6.91376,11,11,9.92395,9.92395,11,11,
PHASH (./nographics-test-100.png) = 0.67617,11,1.79668,11,5.15134,11,5.46159,11,10.7984,11,6.36405,11,11,11,0.67617,11,1.79668,11,5.15134,11,5.46159,11,10.7984,11,6.36405,11,11,11,0.67617,0.67617,1.79668,1.79668,5.15134,5.15134,5.46159,5.46159,10.7984,10.7984,6.36405,6.36405,11,11,
PHASH (./nographics-test-200.png) = 0.676289,11,1.79615,11,5.10475,11,5.47213,11,10.7842,11,6.37597,11,11,11,0.676289,11,1.79615,11,5.10475,11,5.47213,11,10.7842,11,6.37597,11,11,11,0.676289,0.676289,1.79615,1.79615,5.10475,5.10475,5.47213,5.47213,10.7842,10.7842,6.37597,6.37597,11,11,
PHASH (./parsetest1-100.png) = 0.722354,11,3.22102,11,5.10118,11,4.65839,11,10.7619,11,6.3126,11,9.53894,11,0.722354,11,3.22102,11,5.10118,11,4.65839,11,10.7619,11,6.3126,11,9.53894,11,0.722354,0.722354,3.22102,3.22102,5.10118,5.10118,4.65839,4.65839,10.7619,10.7619,6.3126,6.3126,9.53894,9.53894,
PHASH (./parsetest1-200.png) = 0.725183,11,3.17966,11,5.0223,11,4.6404,11,11,11,6.25077,11,9.4718,11,0.725183,11,3.17966,11,5.0223,11,4.6404,11,11,11,6.25077,11,9.4718,11,0.725183,0.725183,3.17966,3.17966,5.0223,5.0223,4.6404,4.6404,11,11,6.25077,6.25077,9.4718,9.4718,
PHASH (./parsetest2-100.png) = 0.659455,11,2.58504,11,6.39232,11,5.46822,11,11,11,6.78369,11,11,11,0.659455,11,2.58504,11,6.39232,11,5.46822,11,11,11,6.78369,11,11,11,0.659455,0.659455,2.58504,2.58504,6.39232,6.39232,5.46822,5.46822,11,11,6.78369,6.78369,11,11,
PHASH (./parsetest2-200.png) = 0.655302,11,2.64485,11,6.11868,11,5.37242,11,11,11,6.69486,11,11,11,0.655302,11,2.64485,11,6.11868,11,5.37242,11,11,11,6.69486,11,11,11,0.655302,0.655302,2.64485,2.64485,6.11868,6.11868,5.37242,5.37242,11,11,6.69486,6.69486,11,11,
PHASH (./parsetest3-100.png) = 0.604569,11,1.48113,11,5.25634,11,5.5995,11,11,11,6.34808,11,11,11,0.604569,11,1.48113,11,5.25634,11,5.5995,11,11,11,6.34808,11,11,11,0.604569,0.604569,1.48113,1.48113,5.25634,5.25634,5.5995,5.5995,11,11,6.34808,6.34808,11,11,
PHASH (./parsetest3-200.png) = 0.605009,11,1.48167,11,5.2868,11,5.67959,11,11,11,6.43105,11,11,11,0.605009,11,1.48167,11,5.2868,11,5.67959,11,11,11,6.43105,11,11,11,0.605009,0.605009,1.48167,1.48167,5.2868,5.2868,5.67959,5.67959,11,11,6.43105,6.43105,11,11,
PHASH (./parsetest4-100.png) = 0.710699,11,2.03661,11,6.25379,11,6.35432,11,11,11,7.37348,11,11,11,0.710432,-0.736271,2.03604,-1.46726,6.24263,11,6.33961,11,11,11,7.35787,11,11,11,0.710432,0.710512,2.03604,2.03621,6.24263,6.24597,6.33961,6.344,11,11,7.35787,7.36249,11,11,
PHASH (./parsetest4-200.png) = 0.71072,11,2.03639,11,6.24504,11,6.3256,11,11,11,7.34431,11,11,11,0.71052,-0.858314,2.03596,-1.71502,6.23687,5.04718,6.31476,5.04701,11,10.0944,7.33291,4.18964,11,11,0.71052,0.71058,2.03596,2.03609,6.23687,6.23931,6.31476,6.31799,11,11,7.33291,7.33629,11,11,
PHASH (./parsetest5-100.png) = 0.689542,0.456307,2.17316,1.21309,5.01247,6.96313,4.5434,9.39149,10.7943,11,5.83611,10.0279,9.32159,11,0.689542,0.568204,2.17316,1.36832,5.01247,6.11508,4.5434,6.60238,10.7943,11,5.83611,7.62757,9.32159,11,0.726052,0.693737,2.24405,2.18175,5.59996,5.20349,5.92129,4.69212,11,10.5812,7.04915,5.99606,11,9.64279,
PHASH (./parsetest5-200.png) = 0.690905,0.439574,2.17538,1.14766,5.00623,7.61322,4.54021,9.58541,11,11,5.83338,11,9.31345,11,0.690905,0.570549,2.17538,1.37179,5.00623,6.59221,4.54021,6.86207,11,11,5.83338,8.98247,9.31345,11,0.727388,0.695097,2.24657,2.184,5.62583,5.19674,5.95796,4.68771,11,10.6942,7.08674,5.99161,11,9.63155,
PHASH (./parsetest6-100.png) = 0.757154,11,3.41059,11,6.275,11,6.854,11,11,11,9.16549,11,11,11,0.757154,11,3.41059,11,6.275,11,6.854,11,11,11,9.16549,11,11,11,0.757154,0.757154,3.41059,3.41059,6.275,6.275,6.854,6.854,11,11,9.16549,9.16549,11,11,
PHASH (./parsetest6-200.png) = 0.757069,11,3.40971,11,6.2683,11,6.85578,11,11,11,9.20175,11,11,11,0.757069,11,3.40971,11,6.2683,11,6.85578,11,11,11,9.20175,11,11,11,0.757069,0.757069,3.40971,3.40971,6.2683,6.2683,6.85578,6.85578,11,11,9.20175,9.20175,11,11,
PHASH (./parsetest7-100.png) = 0.654216,-0.223075,1.69958,-0.188783,6.02094,-0.158444,6.62163,-0.616982,11,-0.986593,7.47602,-0.684234,11,-0.456188,0.654216,-0.637629,1.69958,-1.00552,6.02094,-2.07744,6.62163,-2.35489,11,-4.56521,7.47602,-2.80587,11,-3.78315,0.657019,0.654536,1.70456,1.70015,5.51285,5.94505,5.74617,6.46291,11,11,6.59882,7.31498,11,11,
PHASH (./parsetest7-200.png) = 0.654999,-0.345481,1.70074,-0.437528,5.96441,-0.801756,6.61286,-1.19971,11,-2.18795,7.46659,-1.39395,11,-1.57416,0.654999,-0.67238,1.70074,-1.07712,5.96441,-2.17974,6.61286,-2.46228,11,-4.77704,7.46659,-2.94695,11,-4.00964,0.65753,0.655288,1.70522,1.70125,5.52658,5.90126,5.80263,6.47092,11,11,6.6557,7.32299,11,11,
PHASH (./parsetest8-100.png) = 0.735564,-0.135886,2.39065,0.0977974,5.73433,0.565125,6.16168,1.68719,11,2.90948,7.35708,1.76318,11,3.03658,0.735564,-0.88784,2.39065,-1.42149,5.73433,-1.29622,6.16168,-0.726314,11,-1.68264,7.35708,-0.33432,11,-1.41225,0.734656,0.73546,2.38814,2.39037,5.64803,5.72421,6.02026,6.14458,11,11,7.21961,7.34004,11,11,
PHASH (./parsetest8-200.png) = 0.736689,-0.13951,2.39152,0.0955987,5.74627,0.749985,6.20617,1.53624,11,2.89944,7.40225,2.33213,11,2.77725,0.736689,-0.881882,2.39152,-1.41228,5.74627,-1.16702,6.20617,-0.607371,11,-1.44867,7.40225,-0.320334,11,-1.13456,0.735775,0.736585,2.38902,2.39124,5.65948,5.73609,6.05773,6.18816,11,11,7.25917,7.38447,11,11,
PHASH (./position_test-100.png) = 0.687586,11,1.87823,11,6.1062,11,7.22582,11,11,11,8.36365,11,11,11,0.687586,11,1.87823,11,6.1062,11,7.22582,11,11,11,8.36365,11,11,11,0.687586,0.687586,1.87823,1.87823,6.1062,6.1062,7.22582,7.22582,11,11,8.36365,8.36365,11,11,
PHASH (./position_test-200.png) = 0.687661,11,1.87835,11,6.10051,11,7.2478,11,11,11,8.41525,11,11,11,0.687661,11,1.87835,11,6.10051,11,7.2478,11,11,11,8.41525,11,11,11,0.687661,0.687661,1.87835,1.87835,6.10051,6.10051,7.2478,7.2478,11,11,8.41525,8.41525,11,11,
PHASH (./shapes-100.png) = 0.746544,11,2.62187,11,7.1838,11,7.80969,11,11,11,9.15884,11,11,11,0.746544,11,2.62187,11,7.1838,11,7.80969,11,11,11,9.15884,11,11,11,0.746544,0.746544,2.62187,2.62187,7.1838,7.1838,7.80969,7.80969,11,11,9.15884,9.15884,11,11,
PHASH (./shapes-200.png) = 0.7468,11,2.62284,11,7.11027,11,7.87572,11,11,11,9.27597,11,11,11,0.7468,11,2.62284,11,7.11027,11,7.87572,11,11,11,9.27597,11,11,11,0.7468,0.7468,2.62284,2.62284,7.11027,7.11027,7.87572,7.87572,11,11,9.27597,9.27597,11,11,
PHASH (./test-100.png) = 0.717837,-1.2025,2.15664,-1.8033,5.8388,-3.26699,6.17774,-1.99787,11,-4.5905,7.26237,-2.7472,11,-4.24221,0.714168,-1.10272,2.1488,-1.61933,5.8197,-2.71756,6.16624,-2.40762,11,-4.7332,7.2417,-3.20688,11,-4.88138,0.71461,0.715317,2.14962,2.15124,5.84055,5.82802,6.20587,6.17549,11,11,7.2818,7.25111,11,11,
PHASH (./test2-100.png) = 0.715818,-0.8042,2.15555,-1.26056,5.75098,-1.9298,6.01348,-1.60365,11,-3.3695,7.09622,-2.2312,11,-2.17434,0.711967,-1.08766,2.14725,-1.6494,5.7463,-1.9555,6.01138,-1.65623,11,-2.28724,7.08593,-2.22217,11,-3.46112,0.711559,0.713074,2.14764,2.14978,5.72691,5.74575,6.00115,6.01191,11,11,7.07552,7.0868,11,11,
